clade	avg_bgcome_prop	avg_bgcome_size	tot_ogs	phylo_breadth	avg_bgcome_size_rank
C6	0.08279813349447149	504335.5714285714	9060	0.6276572139999999	1
C9	0.09705467526447888	715803.5	9961	0.81220788	2
C7	0.13341268620680402	912821.7555555556	22384	4.4553629699999995	3
C8	0.11015440816149658	920347.1578947369	18110	1.5592909929999996	4
C3	0.12549983569063822	1049271.0416666667	19503	1.3842565720000002	5
C2	0.13078888405348782	1054777.8157894737	23247	2.2918201350000005	6
C1	0.12017124351285698	1095651.8372093022	36485	5.086419091000002	7
C4	0.14779951777214778	1275830.2727272727	13096	0.5980411960000002	8
C5	0.2091400407722893	1814615.9523809524	17852	1.285771451	9
